$ANSIBLE_VAULT;1.1;AES256
39623333333963373264396365336134633530393737383236393137653361623363613037643962
3766343261616535353633313065323266633134653832360a303763643663373935363266666236
61636233623435383135333735363037326432613865323464386233636664386461306630386162
6265353638383764380a616439353137623563373662646235366637326362393164646630373866
64633039346332616538396233633530353961613165343637653831616133363732666562313866
31313137336339313263343738613261393266313664653330353961306433336366346230386263
39343938393431623337373738663639333232303663323661336463353439663831393636373036
63656635663335356138633535373133376338386666316139626533396263323636383731626363
36653339333462623635626439353266346430653037613131383638333832303466323762336334
61316361653130396132333534316565616230633538396132303835333766386166633537343936
303236353963383635386363303434643935
